23
13 14 6 18 9 14 12 7 4 11 8 4 9 8 15 9 10 3 11 5 18 2 2 3 16 17 8 3 8 14 5 6 12 9 19
11 8 4 5 18 9 8 8 11 12 13 7 15 17 12 7 9 5 12 10 14
9 3 7 15 12 18 7 8 12 2 6 10 8 18 2 3 5 4 18 2 2 17 18 8 2 7 18 17
5 12 13 11 17 4 11 15 19 19 6 6 4 10 17 11 16 6 15 5 15 3 12 10 10
2 17 7 5 14 15 12 9 3 6 16 16 19 9 3 17 18 8 9 9 17 8 16 7 14 10 9 11
3 19 11 5 3 11 17 4 16 15 8 15 19 4 7 7 3 12 12 17 18 12 4 8 10 5 10 14 14 16 19 3 13
17 7 14 15 9 6 7 8 4 9 10 16 5 2 7 8 11 17 18 16 15 15 12 3 6
8 15 7 6 4 5 5 18 10 16 7 17 14 19 15 5 18 7 2 5 16 11 4 17 8 14 6 15 17 13 4
9 17 8 7 5 3 15 8 5 3 16 8 13 19 10 4 9 8 8 10 9 14 3 11 9 6 6 3 8 3 11 3 7 6 2
3 14 11 16 18 6 16 14 18 16 8 11 14 4 15 13 11 17 7 14 15 8 7 4 17 2 19 3
14 7 6 17 4 8 16 17 12 12 13 3 13 9 11 9 12 17 18 7 4 6 9 15 13 7 14 6 15 16 18 12 12
18 5 6 15 13 13 5 5 10 19 9 15 4 9 17 10 9 6 4 19 4 4 2 13 2 6 15 8 15
14 15 10 14 16 4 3 19 9 14 4 14 2 17 19 11 13 9 2 7 19 8 18 18 6 5 18 8 6 16 15 3 15 7 6
7 11 15 16 8 7 14 18 11 4 7 5 18 19 18 9 12 6 6 9 4 10 3 19 3 2 11 13
7 12 2 19 7 5 14 6 19 11 8 12 10 14 10 4 15 2 14 10
3 5 14 15 10 15 17 10 9 14 2 17 14 2 10 4 16 14 16 18 7 10 15 13
5 13 6 12 10 8 17 5 13 10 12 11 11 7 10 10 7 8 4 18 17 17 14 15 6 5 6 17 17
4 14 17 3 17 7 6 12 11 12 12 13 6 11 2 2 19 11 15 16 8 17 15 4 7 7 17 5
9 8 3 13 11 12 19 12 4 6 8 17 15 13 13 17 4 2 17 8 13 18 13 8
12 2 5 5 10 11 6 12 16 16 6 8 15 18 17 14 9 10 14 16 9 18 5 6 18 10 3 3 7 7 5 8 3 19 6
15 2 16 2 13 18 16 6 9 4 13 2 8 18 7 10 10 3 15 11 10 18 13 16 19 10
9 5 18 14 18 14 15 7 8 14 15 19 5 16 5 4 2 2 14 18 17 10 5 15 16 14 8 9 4 15 12 2 17
13 5 2 3 17 8 14 4 5 8 15 2 18 3 7 12 9 10 9 11 16 14 6 19 11 15